1.25    0.023221	
1.75    0.016122
2.25    0.017894
2.75   	0.018699
3.25    0.017729
3.75    0.010953
4.25    0.010789
4.75    0.00369
5.25   	0.00643
5.75    0.006428
6.25	  9.425467e-4
6.75    0.001586
7.25   	6.159417e-4
7.75    0.001582
8.25   	0.001257
8.75    0.003029
9.25    0.001414
9.75    -0.002943
10.25  	0.003507
10.75	  -0.003914
11.25   -0.001336
11.75   -0.002144
12.25   -2.107546e-4
12.75   1.098339e-4
13.25   -6.986092e-4
13.75   0.002686
14.25   -0.001832
14.75   -0.001189
15.25   0.00139
15.75   0.002356
16.25   5.79598e-4
16.75   0.004448
17.25   0.001705
17.75   0.001864
18.25   0.003959
18.75   -2.36935e-4
19.25   0.003148
19.75   0.002178
